fold 0: best_step=1100 fitted_lambda={1: 0.79, 2: 0.89, 3: 0.9400000000000001, 5: 0.97} s2_level=1.097 s2_within=1.142
fold 1: best_step=100 fitted_lambda={1: 0.8300000000000001, 2: 0.93, 3: 0.96, 5: 0.99} s2_level=1.333 s2_within=0.789
fold 2: best_step=0 fitted_lambda={1: 0.81, 2: 0.9, 3: 0.9400000000000001, 5: 0.96} s2_level=1.331 s2_within=1.121
fold 3: best_step=1700 fitted_lambda={1: 0.81, 2: 0.9, 3: 0.9400000000000001, 5: 0.97} s2_level=1.238 s2_within=1.090
fold 4: best_step=0 fitted_lambda={1: 0.81, 2: 0.9, 3: 0.9400000000000001, 5: 1.0} s2_level=1.284 s2_within=1.120

 fold  k  cnp_lambda  cnp_intercept  fitted_lambda  analytic_lambda  best_step
    0  0      0.0000         0.1603            NaN              NaN       1100
    0  1      0.8657         0.0585           0.79           0.4899       1100
    0  2      0.7177         0.0171           0.89           0.6577       1100
    0  3      0.7852         0.0054           0.94           0.7424       1100
    0  5      0.8752         0.0017           0.97           0.8277       1100
    1  0      0.0000        -0.0013            NaN              NaN        100
    1  1      0.9495         0.0049           0.83           0.6283        100
    1  2      0.9491        -0.0310           0.93           0.7717        100
    1  3      0.9566        -0.0284           0.96           0.8353        100
    1  5      0.9663        -0.0249           0.99           0.8942        100
    2  0      0.0000         0.0000            NaN              NaN          0
    2  1      1.0000        -0.0000           0.81           0.5430          0
    2  2      1.0000        -0.0000           0.90           0.7038          0
    2  3      1.0000        -0.0000           0.94           0.7809          0
    2  5      1.0000        -0.0000           0.96           0.8559          0
    3  0      0.0000         0.1417            NaN              NaN       1700
    3  1      0.8166         0.0096           0.81           0.5319       1700
    3  2      0.7480         0.0724           0.90           0.6944       1700
    3  3      0.8225         0.1070           0.94           0.7732       1700
    3  5      0.9058         0.1460           0.97           0.8503       1700
    4  0      0.0000         0.0000            NaN              NaN          0
    4  1      1.0000        -0.0000           0.81           0.5341          0
    4  2      1.0000        -0.0000           0.90           0.6963          0
    4  3      1.0000        -0.0000           0.94           0.7747          0
    4  5      1.0000        -0.0000           1.00           0.8515          0

mean over folds:
   cnp_lambda  cnp_intercept  fitted_lambda  analytic_lambda
k                                                           
0      0.0000         0.0601            NaN              NaN
1      0.9264         0.0146          0.810           0.5455
2      0.8830         0.0117          0.904           0.7048
3      0.9129         0.0168          0.944           0.7813
5      0.9495         0.0246          0.978           0.8559
